1  0  0  0  0 0
2  0  0  0  0 1
3  0  0  0  0 2
4  0  0  0  0 3
5  0  0  0  0 4
3  1  0  0  0 5
3  2  0  0  0 6
3  3  0  0  0 7
3  4  0  0  0 8
3  5  0  0  0 9
3  3  1  0  0 10
3  3  2  0  0 11
3  3  3  0  0 12
3  3  4  0  0 13
3  3  5  0  0 14
3  3  6  0  0 15
3  3  7  0  0 16
3  3  8  0  0 17
3  3  3  1  0 18
3  3  3  2  0 19
3  3  3  3  0 20
3  3  3  4  0 21
3  3  6  1  0 22
3  3  6  2  0 23
3  3  6  3  0 24
3  3  6  4  0 25
3  3  6  2  1 26
3  3  6  2  2 27
3  3  6  2  3 28
3  3  6  2  4 29
3  3  6  2  5 30
3  3  6  2  6 31